965
17136
64922375
163840
52
122
2736
10368
75
20592
29700
61740
182250
84480
9216
108000
47628
43680
12240
51
8316
33
50544
81920
139968
12150
5250
29250
42
792
170
13680
2906162
127008
44928
24
301056
1904
99000
132300
2560
546
42120
22950
13230
291600
46080
37440
4000
311040
1800
193
746803744
5304
10240
448
34848
673921
145152
100800
30973
2310
864
189
31500
3888
6144
2
25490988
4200
133650
432000
233280
10710
95040
1134
34300
967669583
4488
53940
2160
21384
6
128000
169344
24300
84579
58800
78750
32
102
192
89600
61440
77760
20160
95
5073
163296
30720
1100
44
256000
39600
2250
198450
50400
9100
13860
314928
125
9489
4312
12348
10500
391
32805
131
3312
949106497
961175759
70400
7040
24696
31680
6750
4608
118800
1836
47958485
6400
56160
36
2156
23814
957262828
17640
67584
969
10260
107520
9180
252000
23760
4800
174960
501
8550
22680
409342369
64152
1764
11340
35100
259200
104976
22464
17550
93
74880
215040
782
8448
270000
12960
1215
31104
122880
7290
7390
375000
21000
200000
28800
699840
240000
103
9000
95256
362
11232
18720
179200
42336
1620
653477439
68
6840
1001604
432255
589833267
66
3564
6600
4914
83160
73728
2403381
5400
5184
6552
4943
216000
362880
1632
172800
10800
112896
79
204120
1530
21600
10752
42000
6399199
59
1960
1920
128
14400
105840
6000
336000
132000
92160
122877509
11
216
42105
23
141120
473
8424
92400
25200
209952
84000
60480
696
4320
112
4725
322560
10080
25
193536
180
9827
971866761
5625
78000
655360
4655
43740
5376
430080
786432
504
81648
395
396
45360
364500
64512
69
10560
32640
11264
472392
1520
1048576
33600
4050
4410
7938
150000
3072
27456
114688
50688
24000
14336
6804
105600
21383
279936
88
474
54432
19440
36283838
340200
13056
118
21870
124
110250
904152917
54
2016
1000000
7
999999937
18816
22848
934
2352
4788
79548
349920
16464
28080
63000
63504
28
129600
85
281250
21504
345600
40824
5600
912
9
24750
49392
35
16224
29400
981028563
697106497
196608
12768
43
700
165888
70560
3528
15390
5520
5760
688978813
60
18240
12544
12800
7897861
3510
72900
96000
121
5808
54600
74
194400
16380
87
161280
82944
72
38880
56
21168
15288
71
20328
8976
12288
176400
125440
2431
145800
184320
94080
41600
73
4896
9504
52920
23400
2400
13122
69120
3375
1615
3780
517759
640
625433749
236250
48384
224
3371
16200
221184
96768
633
138240
65536
900360029
2268
480000
52800
8000
7785
70235461
2592
226800
134400
53760
225792
52488
576
30
29952
61966
14560
96228
4160
67893369
805306368
7776
3000
147456
3645
373248
4480
74088
123
2707
4620
142884
59400
5200
4560
491520
3509575
29160
2097152
63360
459270
457481
30030
92
245760
7680
1000000000
35503
89100
42768
468
64
420
926315427
77
388800
28672
57024
768
110
11000
7500
160
999999999
8772
587234
129
20
31752
49920
90
300
14
12672
346742385
4733
72576
99840
153600
15876
268800
83
5297
57600
19
98
1008
27000
21840
1680
288000
97
43200
91857
7920
5601
4032
47040
86400
49500
39936
7455307
393216
135000
2000
25920
8347
9240
40
63
66528
42755209
18432
8640
2940
48
1600
68040
987
241920
9408
64800
98415
546750
1
22500
59136
123480
3600
7296
31
519
8372259
126720
48000
524880
127
6075
104
994617
8320
2520
46464
102060
276480
40950
235200
999999998
393660
56448
120
26460
100696425
244944
938017885
70
1741
954158175
6541551
47
14040
2640
11085765
107
2880
29120
482421315
1848
5824
466560
108864
35640
56700
15750
65610
22
307200
30240
80640
50
70000
5120
214573
510205
288
4158
361
38
49000
1260
69888
4
15400
2100
9425
126
131980
13440
8826131
7389
8015864
57624
22176
536870912
101250
207360
294912
67200
38016
217728
17424
162000
26
21
29
27720
108
15120
23115571
2600
810
51840
35280
12096
16800
5280
110592
7392
1701
17820
32400
7560
33750
26880
3456
4675
71280
48510
5040
414720
17
16320
7200
84240
1440
660
36960
81000
8087519
192000
131220
14688
15552
53
75264
106
621008
4752
11664
82268566
16524
622080
3264
916855204
36864
262440
23232
66150
1824
983900459
1323
58054077
90720
4704
2730
2618049
71805
49
51030
44800
55
552960
64680
324000
998244353
72000
118263990
5657
78
34111
211680
45000
151200
12000
201600
8064
103680
115
4536
144000
360000
12870
155520
13
58
101
8748
124416
13824
1386
49152
3584
4539685
65
2200
19200
29484
7056
24576
70200
813
150528
14112
3168
194241
47473
476014
40960
248832
93312
900
8624
15680
87480
76800
1944
3696
118272
28512
9409159
3157819
1817
4680
33792
989447237
2376
33108
54880
79200
486000
96
300000
9600
16128
8100
441
5044
76032
48238
24480
4173641
94500
85712697
157464
31590
181440
323
170100
48600
34020
2688
34
76
2304
84
1001
1500
41580
282791
105
121500
34944
4374
641
15840
196830
19008
5346
5767201
88704
23100
567
32000
3120
111
80949857
32076
1728
86
2025
18000
27216
1512
18480
21952
46
180000
230400
117
8
1056
8250
442368
113
57
6765
3864
14700
8208
3960
13500
32256
16000
62208
3024
91
243000
306180
16
672
8660
55296
92317161
62
94
19800
9900
25600
630
41472
2070
24192
6720
583200
405000
9800
281
6930
34560
75600
2720
10000
119
33401221
3240
20000
17280
94770
98304
518400
1890
135
11016
58320
2430
15
186624
38497
2340
18
10
86016
202500
302400
559
5000
60000
614400
17920
85050
3
816
5
31200
28000
23328
20480
665
49280
5616
3900
105000
112000
322081025
540
1584
20736
45
168960
80
49896
85881
646
725573
116
9450
6037
67500
97200
27184698
922505446
32670
1249
81
524288
7025
5721
25002
69984
63180
32768
6480
408240
1671
226151256
998506315
5940
23040
40320
368640
964532929
115200
109
129024
44550
33696
460800
8960
99
67
89
57344
164640
115248
142560
85536
38400
50000
37
8400
331776
19656
589824
787320
3360
257
136080
986129769
7128
37800
6300
172032
168000
120000
54000
116640
